00110011001100100010000101010100111000001
011001110110001001101000101100101001110011101101001100111100001010010000101100010111101110010010
10100011011100000010101111011101100000010000000011100011000
0000101010000111
0111001110010101010000111001011001010011101001011011
1000011100110001010111101
10100101101110001110011000110100000010111101011011001000110001
1100110110001000011001010101110011101110111011010011101110100001001001111010001000100011001110
0110010100100001001101101100001110110100100001111100000000100111101010111000011010010100010000
1010000101101011111101010111
0000010011001100010101100010111011101111111010011111010110000010110110001110000011001100001011101
10000100101001100101001101011100000000001011111100000000011011000110001101
1010010110111000100111100011011011010101110010111101000
111011001011100001000101100000100101010
101111101100010
001011101010001101010001000110001010100111101101000100
100000011111010101000101100111101001101101110110100010100000100010110
01011011110001100111010110111000000010101110011000101101101001011110101010
1111100111111
01000001011010010000110110101010101001100010111011100001000110110011
